"","in_pwy","impact","DWM.avg","RYGB.avg","RYGBvsDWM.t","RYGBvsDWM.p","RYGBvsDWM.FDR","CHEBI"
"CHEBI:28867",TRUE,4.16,-0.158,-0.813,-5.24,7.19e-06,0.00124,"propionylcarnitine"
"CHEBI:15741",TRUE,1.47,0.105,-0.0698,-1.78,0.0837,0.478,"succinate"
"CHEBI:35932",FALSE,0.2,-0.0331,-0.324,-2.61,0.0131,0.259,"3-methyl-2-oxovalerate"
"CHEBI:16530",FALSE,0.174,-0.0591,-0.488,-4.47,7.49e-05,0.00687,"3-methyl-2-oxobutyrate"
"CHEBI:37257",FALSE,0.12,-0.122,-0.555,-1.58,0.124,0.535,"phytanate"
"CHEBI:16704",FALSE,0.087,0.0164,-0.438,-4.86,2.29e-05,0.00256,"uridine"
"CHEBI:73025",FALSE,0.0711,-0.267,-1.21,-5.08,1.18e-05,0.0018,"isovalerylcarnitine"
"CHEBI:7676",FALSE,0.0684,-0.305,-0.498,-1.6,0.118,0.53,"butyrylcarnitine"
"CHEBI:17490",FALSE,0.0679,0.206,0.517,2.87,0.00679,0.191,"palmitoylcarnitine"
"CHEBI:15971",FALSE,0.0659,-0.00316,-0.218,-4.69,3.83e-05,0.00377,"histidine"
"CHEBI:32796",FALSE,0.0643,0.15,-0.213,-2.99,0.00504,0.154,"2-hydroxyglutarate"
"CHEBI:30769",FALSE,0.064,0.0845,0.227,2,0.0531,0.429,"citrate"
"CHEBI:1941",FALSE,0.0613,0.0384,-0.138,-1.62,0.115,0.53,"deoxycarnitine"
"CHEBI:84098",FALSE,0.0602,0.218,0.452,1.83,0.0762,0.473,"linoleoylcarnitine*"
"CHEBI:17196",FALSE,0.0594,0.0664,-0.187,-3.58,0.000998,0.0474,"asparagine"
"CHEBI:17568",FALSE,0.0524,-0.0138,-0.561,-2.19,0.0353,0.372,"uracil"
"CHEBI:17865",FALSE,0.0501,-0.0429,-0.606,-4.9,2.07e-05,0.00256,"4-methyl-2-oxopentanoate"
"CHEBI:16742",FALSE,0.0484,0.0735,0.319,1.59,0.121,0.53,"orotate"
"CHEBI:16347",FALSE,0.0475,0.00703,-0.0597,-0.885,0.382,0.621,"carnitine"
"CHEBI:73024",FALSE,0.0468,0.153,0.398,1.69,0.1,0.504,"acetylcarnitine"
"CHEBI:16919",FALSE,0.045,0.0132,-0.623,-4.34,0.000109,0.00941,"creatine"
"CHEBI:18132",FALSE,0.0433,0.0493,-0.514,-2.66,0.0117,0.244,"choline phosphate"
"CHEBI:32389",FALSE,0.0421,0.0257,-0.682,-3.91,0.000393,0.0258,"stearidonate (18:4n3)"
"CHEBI:73074",FALSE,0.0412,0.125,0.35,1.6,0.119,0.53,"stearoylcarnitine"
"CHEBI:15676",FALSE,0.0398,0.0659,-0.0925,-1.47,0.15,0.543,"allantoin"
"CHEBI:17533",FALSE,0.0394,-0.0305,-0.254,-2.4,0.0216,0.334,"N-acetylglutamate"
"CHEBI:32398",FALSE,0.0391,0.203,-0.0357,-1.74,0.0899,0.487,"glycerate"
"CHEBI:15344",FALSE,0.0339,0.825,1.78,1.72,0.0931,0.491,"acetoacetate"
"CHEBI:16977",FALSE,0.0336,-0.108,-0.354,-2.28,0.0286,0.345,"alanine"
"CHEBI:37024",FALSE,0.0317,-0.403,-1.09,-2.07,0.0459,0.4,"2-aminoadipate"
"CKM",FALSE,0.0316,0.21,-0.255,-2.79,0.00831,0.206,NA
"CHEBI:32643",FALSE,0.031,0.206,-0.745,-1.87,0.0694,0.464,"5-acetylamino-6-formylamino-3-methyluracil"
"CHEBI:32816",FALSE,0.0304,-0.262,-0.46,-1.22,0.231,0.543,"pyruvate"
"CHEBI:25858",FALSE,0.0304,-0.0834,-1.6,-2.95,0.00562,0.168,"paraxanthine"
"CHEBI:16414",FALSE,0.0296,-0.103,-0.397,-3.55,0.00111,0.0476,"valine"
"CHEBI:15603",FALSE,0.0291,-0.0791,-0.34,-4.03,0.000275,0.0194,"leucine"
"CHEBI:41721",FALSE,0.0288,0.298,-0.368,-1.85,0.0722,0.466,"cysteine sulfinic acid"
"CHEBI:17768",FALSE,0.0286,-0.0722,-0.28,-2.34,0.0252,0.336,"N-acetylputrescine"
"CHEBI:71179",FALSE,0.0283,-0.236,-0.535,-2,0.053,0.429,"tiglylcarnitine"
"CHEBI:30860",FALSE,0.0259,-0.042,-0.387,-2.11,0.0415,0.388,"methylmalonate (MMA)"
"CHEBI:17561",FALSE,0.0251,-0.16,0.0238,2.04,0.0482,0.402,"cysteine"
"CHEBI:17553",FALSE,0.0249,0.216,-0.272,-1.68,0.102,0.505,"phosphoethanolamine"
"CHEBI:17712",FALSE,0.0247,-0.0866,-0.32,-1.96,0.0581,0.446,"xanthine"
"CHEBI:30851",FALSE,0.0245,-0.213,-0.832,-2,0.0535,0.429,"phenylpyruvate"
"GOT1",FALSE,0.0242,-0.212,-0.0173,2.27,0.0291,0.345,NA
"CHEBI:17752",FALSE,0.0234,0.165,0.00929,-1.3,0.203,0.543,"N6-acetyllysine"
"CHEBI:17295",FALSE,0.0233,-0.0303,-0.282,-3.56,0.00107,0.0476,"phenylalanine"
"CHEBI:30797",FALSE,0.0231,0.208,0.00463,-1.91,0.0646,0.45,"malate"
"CHEBI:17050",FALSE,0.023,0.751,-0.384,-1.48,0.148,0.543,"3-phosphoglycerate"
"CHEBI:15354",FALSE,0.022,-0.105,-0.736,-6.13,4.68e-07,0.000251,"choline"
"CHEBI:30805",FALSE,0.02,-0.0232,-0.29,-1.51,0.14,0.543,"laurate (12:0)"
"CHEBI:17336",FALSE,0.0193,-0.0872,-0.677,-6.41,2.01e-07,0.000251,"retinol (Vitamin A)"
"CHEBI:17895",FALSE,0.0187,-0.0214,-0.313,-2.74,0.00949,0.214,"tyrosine"
"CHEBI:16643",FALSE,0.0186,0.0103,-0.0869,-1.11,0.274,0.561,"methionine"
"CA6",FALSE,0.0184,0.0478,-0.442,-2.84,0.00735,0.194,NA
"TKT",FALSE,0.0178,0.297,-0.2,-1.8,0.0796,0.477,NA
"FGG",FALSE,0.0176,0.0585,0.223,1.84,0.0746,0.471,NA
"CHEBI:18095",FALSE,0.0174,-0.245,-0.0505,0.948,0.35,0.593,"trans-4-hydroxyproline"
"CHEBI:82952",FALSE,0.0169,0.022,-0.207,-1.42,0.164,0.543,"glutarylcarnitine (C5)"
"NME1",FALSE,0.0168,0.395,-0.09,-1.92,0.0635,0.45,NA
"CHEBI:28364",FALSE,0.0166,0.248,-0.321,-2.55,0.0153,0.272,"eicosapentaenoate (EPA; 20:5n3)"
"CHEBI:18050",FALSE,0.0156,0.0994,0.011,-1.16,0.253,0.554,"glutamine"
"CHEBI:16828",FALSE,0.0148,-0.0732,-0.232,-2.06,0.0467,0.4,"tryptophan"
"PGK1",FALSE,0.0148,0.188,-0.219,-1.85,0.0723,0.466,NA
"CHEBI:15428",FALSE,0.0141,0.196,0.329,1.45,0.155,0.543,"glycine"
"CHEBI:16027",FALSE,0.0126,0.401,-0.245,-1.21,0.233,0.543,"adenosine 5'-monophosphate (AMP)"
"NME2",FALSE,0.012,0.137,-0.269,-1.59,0.12,0.53,NA
"FGA",FALSE,0.0119,0.0728,0.204,1.46,0.152,0.543,NA
"SERPINA1",FALSE,0.0115,0.0856,0.407,4.87,2.28e-05,0.00256,NA
"CA9",FALSE,0.0115,-0.188,0.179,2.37,0.0233,0.334,NA
"CHEBI:17202",FALSE,0.0113,1.09,0.0119,-1.49,0.144,0.543,"inosine 5'-monophosphate (IMP)"
"NUDCD3",FALSE,0.0113,0.315,-0.0872,-2.4,0.0217,0.334,NA
"ENTPD3",FALSE,0.0113,0.168,0.00581,-1.2,0.237,0.545,NA
"CA4",FALSE,0.0106,-0.136,0.0907,2.33,0.0255,0.336,NA
"CHEBI:18019",FALSE,0.00959,-0.0641,-0.137,-1.13,0.268,0.558,"lysine"
"CHEBI:16610",FALSE,0.00942,0.396,-0.196,-1.34,0.187,0.543,"spermidine"
"CHEBI:18367",FALSE,0.00938,0.0564,0.00988,-0.862,0.394,0.629,"phosphate"
"NAMPT",FALSE,0.00925,0.00523,-0.198,-1.77,0.0848,0.478,NA
"PIK3CA",FALSE,0.00923,0.138,-0.294,-2.18,0.0357,0.372,NA
"CHEBI:16946",FALSE,-0.00982,-0.118,-0.0828,0.326,0.747,0.858,"kynurenine"
"CA2",FALSE,-0.00985,-0.00159,0.00635,0.0947,0.925,0.965,NA
"CHEBI:30887",FALSE,-0.00998,0.415,0.123,-0.541,0.592,0.761,"isocitrate"
"NGF",FALSE,-0.0103,-0.0231,-0.0175,0.0354,0.972,0.986,NA
"CHEBI:16668",FALSE,-0.0104,0.0456,-0.0722,-0.397,0.694,0.828,"hypotaurine"
"ENTPD1",FALSE,-0.0121,0.00498,0.0243,0.317,0.753,0.861,NA
"PRTN3",FALSE,-0.0122,0.0465,0.0432,-0.0205,0.984,0.991,NA
"DCTPP1",FALSE,-0.0127,-0.0121,-0.0305,-0.158,0.876,0.941,NA
"CHEBI:16015",FALSE,-0.0131,-0.225,-0.319,-0.411,0.683,0.818,"glutamate"
"GSTP1",FALSE,-0.0137,0.0991,0.1,0.0117,0.991,0.993,NA
"CMPK1",FALSE,-0.0162,0.0635,0.0667,0.0193,0.985,0.991,NA
"CHEBI:53487",FALSE,-0.0182,0.298,0.308,0.057,0.955,0.979,"adrenate (22:4n6)"
"CHEBI:18102",FALSE,-0.0194,0.0571,0.135,0.411,0.683,0.818,"octanoylcarnitine"
"CHEBI:77086",FALSE,-0.0208,0.0561,0.0284,-0.159,0.875,0.941,"laurylcarnitine"
"CHEBI:16566",FALSE,-0.0236,-0.083,-0.0682,0.0274,0.978,0.99,"sphinganine"
"CHEBI:17596",FALSE,-0.028,0.559,0.465,-0.224,0.824,0.909,"inosine"
"CHEBI:16958",FALSE,-0.037,0.02,0.0061,-0.0934,0.926,0.965,"beta-alanine"
"CHEBI:70749",FALSE,-0.0414,-0.0223,-0.0647,-0.325,0.747,0.858,"hexanoylcarnitine"
"CHEBI:84634",FALSE,-0.0495,0.00111,-0.0146,-0.133,0.895,0.95,"myristoylcarnitine"
"CHEBI:16675",FALSE,-0.0575,-0.153,-0.191,-0.176,0.862,0.934,"quinolinate"
"CHEBI:30915",TRUE,-0.577,-0.173,-0.213,-0.383,0.704,0.836,"alpha-ketoglutarate"
